4.625622558593750000e+02 1.613368682861328125e+02
5.798798828125000000e+02 1.696980895996093750e+02
6.878984985351562500e+02 1.840625152587890625e+02
7.822558593750000000e+02 2.017372436523437500e+02
8.621207885742187500e+02 2.201856689453125000e+02
9.287103881835937500e+02 2.380870513916015625e+02
9.843671264648437500e+02 2.546390991210937500e+02
1.030071411132812500e+03 2.700466003417968750e+02
4.565576782226562500e+02 2.741513977050781250e+02
5.786278076171875000e+02 2.781526489257812500e+02
6.901417236328125000e+02 2.873419494628906250e+02
7.865479736328125000e+02 2.986061706542968750e+02
8.670495605468750000e+02 3.109372253417968750e+02
9.340269775390625000e+02 3.224511108398437500e+02
9.891033325195312500e+02 3.331334838867187500e+02
1.035059570312500000e+03 3.430359497070312500e+02
4.548231506347656250e+02 3.979182128906250000e+02
5.785678710937500000e+02 3.969727783203125000e+02
6.914448242187500000e+02 3.990120239257812500e+02
7.881554565429687500e+02 4.024426574707031250e+02
8.690510864257812500e+02 4.063472595214843750e+02
9.359743652343750000e+02 4.104586486816406250e+02
9.910307617187500000e+02 4.143037414550781250e+02
1.036194580078125000e+03 4.180941772460937500e+02
4.589883117675781250e+02 5.244899902343750000e+02
5.809251708984375000e+02 5.188609619140625000e+02
6.922337646484375000e+02 5.129498901367187500e+02
7.879927978515625000e+02 5.077799987792968750e+02
8.681614379882812500e+02 5.032223205566406250e+02
9.346879272460937500e+02 4.992730407714843750e+02
9.893651733398437500e+02 4.960888366699218750e+02
1.034503540039062500e+03 4.934569396972656250e+02
4.672542419433593750e+02 6.439937744140625000e+02
5.846419067382812500e+02 6.340353393554687500e+02
6.920061035156250000e+02 6.219307250976562500e+02
7.858466186523437500e+02 6.089702758789062500e+02
8.642929077148437500e+02 5.969633789062500000e+02
9.298688354492187500e+02 5.857502441406250000e+02
9.841674804687500000e+02 5.758674926757812500e+02
1.029221313476562500e+03 5.674818115234375000e+02
4.790579528808593750e+02 7.491405029296875000e+02
5.890562133789062500e+02 7.359188232421875000e+02
6.910331420898437500e+02 7.196710205078125000e+02
7.809820556640625000e+02 7.013539428710937500e+02
8.574832763671875000e+02 6.836380004882812500e+02
9.221843872070312500e+02 6.667656860351562500e+02
9.760020141601562500e+02 6.517324829101562500e+02
1.021075622558593750e+03 6.378049926757812500e+02
4.693859252929687500e+02 2.544913330078125000e+02
5.553289794921875000e+02 2.522598571777343750e+02
6.397343750000000000e+02 2.531503906250000000e+02
7.203297119140625000e+02 2.566377563476562500e+02
7.947122802734375000e+02 2.621698303222656250e+02
8.619278564453125000e+02 2.690499267578125000e+02
9.219743041992187500e+02 2.764890747070312500e+02
9.748964843750000000e+02 2.848733825683593750e+02
4.692635803222656250e+02 3.386723632812500000e+02
5.563183593750000000e+02 3.357589416503906250e+02
6.420130004882812500e+02 3.352100524902343750e+02
7.233068237304687500e+02 3.362553405761718750e+02
7.980653686523437500e+02 3.389978332519531250e+02
8.658479003906250000e+02 3.426553649902343750e+02
9.256925048828125000e+02 3.469944152832031250e+02
9.785792236328125000e+02 3.513835449218750000e+02
4.715244140625000000e+02 4.261801147460937500e+02
5.584692382812500000e+02 4.225348815917968750e+02
6.442041625976562500e+02 4.199321289062500000e+02
7.253819580078125000e+02 4.184891052246093750e+02
8.000260620117187500e+02 4.179378051757812500e+02
8.674551391601562500e+02 4.180250244140625000e+02
9.273489990234375000e+02 4.185104064941406250e+02
9.799379272460937500e+02 4.194491882324218750e+02
4.761898803710937500e+02 5.132867431640625000e+02
5.620311279296875000e+02 5.090438232421875000e+02
6.466517944335937500e+02 5.048199768066406250e+02
7.268024291992187500e+02 5.004480285644531250e+02
8.006306152343750000e+02 4.966703491210937500e+02
8.673851318359375000e+02 4.930963439941406250e+02
9.266870727539062500e+02 4.899250488281250000e+02
9.787604370117187500e+02 4.872710266113281250e+02
4.828728942871093750e+02 5.971076660156250000e+02
5.666229858398437500e+02 5.923651733398437500e+02
6.490178833007812500e+02 5.864154663085937500e+02
7.273491821289062500e+02 5.801441650390625000e+02
7.998186035156250000e+02 5.731725463867187500e+02
8.652752075195312500e+02 5.665676269531250000e+02
9.239280395507812500e+02 5.597937011718750000e+02
9.750863037109375000e+02 5.538521118164062500e+02
4.909341125488281250e+02 6.747362060546875000e+02
5.718645629882812500e+02 6.696272583007812500e+02
6.511169433593750000e+02 6.627454833984375000e+02
7.270996093750000000e+02 6.540018310546875000e+02
7.972342529296875000e+02 6.452414550781250000e+02
8.612098388671875000e+02 6.358552856445312500e+02
9.188298950195312500e+02 6.261325683593750000e+02
9.696613159179687500e+02 6.169792480468750000e+02
2.447138061523437500e+02 1.786339263916015625e+02
3.403045349121093750e+02 1.550507354736328125e+02
4.546074218750000000e+02 1.349839019775390625e+02
5.836036987304687500e+02 1.220326080322265625e+02
7.190733642578125000e+02 1.191235733032226562e+02
8.497769775390625000e+02 1.261123199462890625e+02
9.680165405273437500e+02 1.408300781250000000e+02
1.069253662109375000e+03 1.612629547119140625e+02
2.297729187011718750e+02 2.866888732910156250e+02
3.266469116210937500e+02 2.689925842285156250e+02
4.448402404785156250e+02 2.532191925048828125e+02
5.810111083984375000e+02 2.429832000732421875e+02
7.249582519531250000e+02 2.402335205078125000e+02
8.631348876953125000e+02 2.457172546386718750e+02
9.852512817382812500e+02 2.570005187988281250e+02
1.087552978515625000e+03 2.719687805175781250e+02
2.229433135986328125e+02 4.059678955078125000e+02
3.200025634765625000e+02 3.968022155761718750e+02
4.400932922363281250e+02 3.888225708007812500e+02
5.802454223632812500e+02 3.829500427246093750e+02
7.289889526367187500e+02 3.807595520019531250e+02
8.712755737304687500e+02 3.828588867187500000e+02
9.961217041015625000e+02 3.876737670898437500e+02
1.098019287109375000e+03 3.940612792968750000e+02
2.258817291259765625e+02 5.291761474609375000e+02
3.226412353515625000e+02 5.303957519531250000e+02
4.429393005371093750e+02 5.312083740234375000e+02
5.821429443359375000e+02 5.309876708984375000e+02
7.309046020507812500e+02 5.299956665039062500e+02
8.728108520507812500e+02 5.274583129882812500e+02
9.967658081054687500e+02 5.244783325195312500e+02
1.098246826171875000e+03 5.213376464843750000e+02
2.378898010253906250e+02 6.479818725585937500e+02
3.340502319335937500e+02 6.589883422851562500e+02
4.518760986328125000e+02 6.681152343750000000e+02
5.866638793945312500e+02 6.727974853515625000e+02
7.295045776367187500e+02 6.720667724609375000e+02
8.670689086914062500e+02 6.658975219726562500e+02
9.878952026367187500e+02 6.560619506835937500e+02
1.088167236328125000e+03 6.442692871093750000e+02
2.580320129394531250e+02 7.562878417968750000e+02
3.524049377441406250e+02 7.729580688476562500e+02
4.650042724609375000e+02 7.870043945312500000e+02
5.927836303710937500e+02 7.949430541992187500e+02
7.260241699218750000e+02 7.949724121093750000e+02
8.554411010742187500e+02 7.870036010742187500e+02
9.711039428710937500e+02 7.731782836914062500e+02
1.069979492187500000e+03 7.555096435546875000e+02
2.189051208496093750e+02 2.237759399414062500e+02
3.238914184570312500e+02 2.048323974609375000e+02
4.494019470214843750e+02 1.906362457275390625e+02
5.892239990234375000e+02 1.845592956542968750e+02
7.321619873046875000e+02 1.879591369628906250e+02
8.657550659179687500e+02 2.009577178955078125e+02
9.810146484375000000e+02 2.189892272949218750e+02
1.075858398437500000e+03 2.393605041503906250e+02
2.119942169189453125e+02 3.470273437500000000e+02
3.167438354492187500e+02 3.360240478515625000e+02
4.435873413085937500e+02 3.275733947753906250e+02
5.868845214843750000e+02 3.237944641113281250e+02
7.329890747070312500e+02 3.260401611328125000e+02
8.690573120117187500e+02 3.336098937988281250e+02
9.850064697265625000e+02 3.444744873046875000e+02
1.079964721679687500e+03 3.558405456542968750e+02
2.156358489990234375e+02 4.739829711914062500e+02
3.192719726562500000e+02 4.730241394042968750e+02
4.451116027832031250e+02 4.711147460937500000e+02
5.863477783203125000e+02 4.708595581054687500e+02
7.310823974609375000e+02 4.710147399902343750e+02
8.659574584960937500e+02 4.722095336914062500e+02
9.810206909179687500e+02 4.740704956054687500e+02
1.075029052734375000e+03 4.760130615234375000e+02
2.296027526855468750e+02 5.965860595703125000e+02
3.312113037109375000e+02 6.033485717773437500e+02
4.529796142578125000e+02 6.085463256835937500e+02
5.887785034179687500e+02 6.106796875000000000e+02
7.270574951171875000e+02 6.091862182617187500e+02
8.565305786132812500e+02 6.049768066406250000e+02
9.688405761718750000e+02 5.989036254882812500e+02
1.061031982421875000e+03 5.915872802734375000e+02
2.509982299804687500e+02 7.070273437500000000e+02
3.499367675781250000e+02 7.191553955078125000e+02
4.649555969238281250e+02 7.280982055664062500e+02
5.920059814453125000e+02 7.324082641601562500e+02
7.211888427734375000e+02 7.300914916992187500e+02
8.429670410156250000e+02 7.221417236328125000e+02
9.505590820312500000e+02 7.103566284179687500e+02
1.040942016601562500e+03 6.971617431640625000e+02
2.765319824218750000e+02 8.010253295898437500e+02
3.711853637695312500e+02 8.159173583984375000e+02
4.796159667968750000e+02 8.270472412109375000e+02
5.962428588867187500e+02 8.310628662109375000e+02
7.149883422851562500e+02 8.285191040039062500e+02
8.281340332031250000e+02 8.190153808593750000e+02
9.296444091796875000e+02 8.049559936523437500e+02
1.017606506347656250e+03 7.875241088867187500e+02
2.502012176513671875e+02 2.520739288330078125e+02
3.125761718750000000e+02 2.282610931396484375e+02
3.936033325195312500e+02 2.013199615478515625e+02
4.965523071289062500e+02 1.734945831298828125e+02
6.232578735351562500e+02 1.479138641357421875e+02
7.698922119140625000e+02 1.287732086181640625e+02
9.257319946289062500e+02 1.220746078491210938e+02
1.073632080078125000e+03 1.285113372802734375e+02
2.432210845947265625e+02 3.491530151367187500e+02
3.051656494140625000e+02 3.342962951660156250e+02
3.864554748535156250e+02 3.177471008300781250e+02
4.914916992187500000e+02 3.000556335449218750e+02
6.229964599609375000e+02 2.840211181640625000e+02
7.780770874023437500e+02 2.722642211914062500e+02
9.420589599609375000e+02 2.695704040527343750e+02
1.095952880859375000e+03 2.759189453125000000e+02
2.432232360839843750e+02 4.498353271484375000e+02
3.046959533691406250e+02 4.467687683105468750e+02
3.858149414062500000e+02 4.429982299804687500e+02
4.910405883789062500e+02 4.390755004882812500e+02
6.240335083007812500e+02 4.359210815429687500e+02
7.811437377929687500e+02 4.349658203125000000e+02
9.480077514648437500e+02 4.359630126953125000e+02
1.102860839843750000e+03 4.404078674316406250e+02
2.493396606445312500e+02 5.507750854492187500e+02
3.111605224609375000e+02 5.585816650390625000e+02
3.918249816894531250e+02 5.681106567382812500e+02
4.959444885253906250e+02 5.779640502929687500e+02
6.258789062500000000e+02 5.882244873046875000e+02
7.785866088867187500e+02 5.975595703125000000e+02
9.399716186523437500e+02 6.033721923828125000e+02
1.091343627929687500e+03 6.045132446289062500e+02
2.616270141601562500e+02 6.464992675781250000e+02
3.240104675292968750e+02 6.639645385742187500e+02
4.034936523437500000e+02 6.836271362304687500e+02
5.041812438964843750e+02 7.047938842773437500e+02
6.279176025390625000e+02 7.250557861328125000e+02
7.710177612304687500e+02 7.418577880859375000e+02
9.221300048828125000e+02 7.508010253906250000e+02
1.065110473632812500e+03 7.510255737304687500e+02
2.779328613281250000e+02 7.335692749023437500e+02
3.408112792968750000e+02 7.583521118164062500e+02
4.188467102050781250e+02 7.844556274414062500e+02
5.159928588867187500e+02 8.121195068359375000e+02
6.309791259765625000e+02 8.375239257812500000e+02
7.617156982421875000e+02 8.579250488281250000e+02
8.989050903320312500e+02 8.695485229492187500e+02
1.032156250000000000e+03 8.698915405273437500e+02
1.939396667480468750e+02 2.994841003417968750e+02
2.556965179443359375e+02 2.855672912597656250e+02
3.349711608886718750e+02 2.699869079589843750e+02
4.349365234375000000e+02 2.549490509033203125e+02
5.580610961914062500e+02 2.420099639892578125e+02
7.018103027343750000e+02 2.352642211914062500e+02
8.549909667968750000e+02 2.377116088867187500e+02
1.000964233398437500e+03 2.496195983886718750e+02
1.917910156250000000e+02 3.987487182617187500e+02
2.527876892089843750e+02 3.943639831542968750e+02
3.310548095703125000e+02 3.899709167480468750e+02
4.309316406250000000e+02 3.859935607910156250e+02
5.540496826171875000e+02 3.840121154785156250e+02
6.991501464843750000e+02 3.848455505371093750e+02
8.531208496093750000e+02 3.905615539550781250e+02
1.000249084472656250e+03 4.001495666503906250e+02
1.970535736083984375e+02 4.976789245605468750e+02
2.575513610839843750e+02 5.031052551269531250e+02
3.351489257812500000e+02 5.098091735839843750e+02
4.332355957031250000e+02 5.174511108398437500e+02
5.540676879882812500e+02 5.258737182617187500e+02
6.940156250000000000e+02 5.355841064453125000e+02
8.440385742187500000e+02 5.440023193359375000e+02
9.871487426757812500e+02 5.513770751953125000e+02
2.079005584716796875e+02 5.920866699218750000e+02
2.689075012207031250e+02 6.063831176757812500e+02
3.459432067871093750e+02 6.220264282226562500e+02
4.408790283203125000e+02 6.389248046875000000e+02
5.562106323242187500e+02 6.560174560546875000e+02
6.888850708007812500e+02 6.717869262695312500e+02
8.290125732421875000e+02 6.825971679687500000e+02
9.645595092773437500e+02 6.876439819335937500e+02
2.245703735351562500e+02 6.794686889648437500e+02
2.849767761230468750e+02 6.995217895507812500e+02
3.605196838378906250e+02 7.215337524414062500e+02
4.520076599121093750e+02 7.449347534179687500e+02
5.608147583007812500e+02 7.671105957031250000e+02
6.829824218750000000e+02 7.852571411132812500e+02
8.114897460937500000e+02 7.971882934570312500e+02
9.371519165039062500e+02 8.016401367187500000e+02
2.434895477294921875e+02 7.564876098632812500e+02
3.045308532714843750e+02 7.813951416015625000e+02
3.779625549316406250e+02 8.065034790039062500e+02
4.649402465820312500e+02 8.321028442382812500e+02
5.658397827148437500e+02 8.560932006835937500e+02
6.772706909179687500e+02 8.754920043945312500e+02
7.939489746093750000e+02 8.882993164062500000e+02
9.094284667968750000e+02 8.921938476562500000e+02
2.515808410644531250e+02 2.400647125244140625e+02
4.197200317382812500e+02 2.065919799804687500e+02
5.793206176757812500e+02 1.888119659423828125e+02
7.149172363281250000e+02 1.840766601562500000e+02
8.220532226562500000e+02 1.867894897460937500e+02
9.053009033203125000e+02 1.928276214599609375e+02
9.703572387695312500e+02 1.996612396240234375e+02
1.021071044921875000e+03 2.069689025878906250e+02
2.857265625000000000e+02 4.092922668457031250e+02
4.480762329101562500e+02 3.707834167480468750e+02
6.019241943359375000e+02 3.418344421386718750e+02
7.321021118164062500e+02 3.223431701660156250e+02
8.347347412109375000e+02 3.102856445312500000e+02
9.149542846679687500e+02 3.032267150878906250e+02
9.769830932617187500e+02 2.987754211425781250e+02
1.026082641601562500e+03 2.961123352050781250e+02
3.324103088378906250e+02 5.656492309570312500e+02
4.825288085937500000e+02 5.253309326171875000e+02
6.242540283203125000e+02 4.872793273925781250e+02
7.449399414062500000e+02 4.551853332519531250e+02
8.418485107421875000e+02 4.298200683593750000e+02
9.185751342773437500e+02 4.104620666503906250e+02
9.789685668945312500e+02 3.954977111816406250e+02
1.026735839843750000e+03 3.835939636230468750e+02
3.824913635253906250e+02 6.954747314453125000e+02
5.175182495117187500e+02 6.546793212890625000e+02
6.446334228515625000e+02 6.123926391601562500e+02
7.546751098632812500e+02 5.725009765625000000e+02
8.449687500000000000e+02 5.381588745117187500e+02
9.179696044921875000e+02 5.096170043945312500e+02
9.760410156250000000e+02 4.863193664550781250e+02
1.023008300781250000e+03 4.664775085449218750e+02
4.290504455566406250e+02 7.955134277343750000e+02
5.486077270507812500e+02 7.564299316406250000e+02
6.614848022460937500e+02 7.134615478515625000e+02
7.610751953125000000e+02 6.707470092773437500e+02
8.449136352539062500e+02 6.315520019531250000e+02
9.139181518554687500e+02 5.975373535156250000e+02
9.704454345703125000e+02 5.680405883789062500e+02
1.016089721679687500e+03 5.427008056640625000e+02
4.686741638183593750e+02 8.706256103515625000e+02
5.747260131835937500e+02 8.335289306640625000e+02
6.748540649414062500e+02 7.921592407226562500e+02
7.643203735351562500e+02 7.500461425781250000e+02
8.420314941406250000e+02 7.095739746093750000e+02
9.073050537109375000e+02 6.730805664062500000e+02
9.620879516601562500e+02 6.399695434570312500e+02
1.006881225585937500e+03 6.112733154296875000e+02
1.559365539550781250e+02 3.409989013671875000e+02
2.810137023925781250e+02 3.218502807617187500e+02
4.416006469726562500e+02 3.051064453125000000e+02
6.271625976562500000e+02 2.968088073730468750e+02
8.096525268554687500e+02 3.002993774414062500e+02
9.642717895507812500e+02 3.122437744140625000e+02
1.084166015625000000e+03 3.271830444335937500e+02
1.174226806640625000e+03 3.422329711914062500e+02
1.931298675537109375e+02 4.852747497558593750e+02
3.127122497558593750e+02 4.809334716796875000e+02
4.612944335937500000e+02 4.758016662597656250e+02
6.291465454101562500e+02 4.709124450683593750e+02
7.940823364257812500e+02 4.677685546875000000e+02
9.373756103515625000e+02 4.664489746093750000e+02
1.052050903320312500e+03 4.665035400390625000e+02
1.140783447265625000e+03 4.668255004882812500e+02
2.365319519042968750e+02 6.055913696289062500e+02
3.494087219238281250e+02 6.102237548828125000e+02
4.836382446289062500e+02 6.113316040039062500e+02
6.311015625000000000e+02 6.083544921875000000e+02
7.762415771484375000e+02 6.015626220703125000e+02
9.063057861328125000e+02 5.934280395507812500e+02
1.014747497558593750e+03 5.839922485351562500e+02
1.101766479492187500e+03 5.749246215820312500e+02
2.795750427246093750e+02 7.009789428710937500e+02
3.845032043457031250e+02 7.093522949218750000e+02
5.046787414550781250e+02 7.128864746093750000e+02
6.332859497070312500e+02 7.106538696289062500e+02
7.602927246093750000e+02 7.033275756835937500e+02
8.767998046875000000e+02 6.922299804687500000e+02
9.776544799804687500e+02 6.790593261718750000e+02
1.062297241210937500e+03 6.643665771484375000e+02
3.187543029785156250e+02 7.749497070312500000e+02
4.153113098144531250e+02 7.841040039062500000e+02
5.223386230468750000e+02 7.882313842773437500e+02
6.350384521484375000e+02 7.868041381835937500e+02
7.466747436523437500e+02 7.795897216796875000e+02
8.509848632812500000e+02 7.680526733398437500e+02
9.443227539062500000e+02 7.533682861328125000e+02
1.024570800781250000e+03 7.369199829101562500e+02
3.526976318359375000e+02 8.318009033203125000e+02
4.412399291992187500e+02 8.403945922851562500e+02
5.369373168945312500e+02 8.442408447265625000e+02
6.366967773437500000e+02 8.428362426757812500e+02
7.353512573242187500e+02 8.364031372070312500e+02
8.289112548828125000e+02 8.255789794921875000e+02
9.145997314453125000e+02 8.114040527343750000e+02
9.904097900390625000e+02 7.952208862304687500e+02
1.694864654541015625e+02 2.749424743652343750e+02
2.940473022460937500e+02 2.494140319824218750e+02
4.546038818359375000e+02 2.279186096191406250e+02
6.399919433593750000e+02 2.180343475341796875e+02
8.242311401367187500e+02 2.238561401367187500e+02
9.809028320312500000e+02 2.411771545410156250e+02
1.103302612304687500e+03 2.629893493652343750e+02
1.195091186523437500e+03 2.844684753417968750e+02
1.902247772216796875e+02 4.279410400390625000e+02
3.114855651855468750e+02 4.179397888183593750e+02
4.655144958496093750e+02 4.089715270996093750e+02
6.425824584960937500e+02 4.029560852050781250e+02
8.170008544921875000e+02 4.026703491210937500e+02
9.680708618164062500e+02 4.061016235351562500e+02
1.086074462890625000e+03 4.123065795898437500e+02
1.176961914062500000e+03 4.181451721191406250e+02
2.236015625000000000e+02 5.656472167968750000e+02
3.403926696777343750e+02 5.687069702148437500e+02
4.841203918457031250e+02 5.690175170898437500e+02
6.450482788085937500e+02 5.663051147460937500e+02
8.038704833984375000e+02 5.608189697265625000e+02
9.439404907226562500e+02 5.546906738281250000e+02
1.058482543945312500e+03 5.476101684570312500e+02
1.147959228515625000e+03 5.409530639648437500e+02
2.628197021484375000e+02 6.809543457031250000e+02
3.735335388183593750e+02 6.909541625976562500e+02
5.044589843750000000e+02 6.961696777343750000e+02
6.472494506835937500e+02 6.951691284179687500e+02
7.890194091796875000e+02 6.878912963867187500e+02
9.167406005859375000e+02 6.764443359375000000e+02
1.025316528320312500e+03 6.621333618164062500e+02
1.112518920898437500e+03 6.478100585937500000e+02
3.020282592773437500e+02 7.729746704101562500e+02
4.055124816894531250e+02 7.853769531250000000e+02
5.229337768554687500e+02 7.920380249023437500e+02
6.493266601562500000e+02 7.919523925781250000e+02
7.745541992187500000e+02 7.848928222656250000e+02
8.899841918945312500e+02 7.717428588867187500e+02
9.916560668945312500e+02 7.548687744140625000e+02
1.076300048828125000e+03 7.365206909179687500e+02
3.376037292480468750e+02 8.445008544921875000e+02
4.336147155761718750e+02 8.571931152343750000e+02
5.395994262695312500e+02 8.638477172851562500e+02
6.510252075195312500e+02 8.637736206054687500e+02
7.621959838867187500e+02 8.567696533203125000e+02
8.662531127929687500e+02 8.441699829101562500e+02
9.592379760742187500e+02 8.283700561523437500e+02
1.040686889648437500e+03 8.085775756835937500e+02
3.902875671386718750e+02 3.025576171875000000e+02
4.585570373535156250e+02 2.974833374023437500e+02
5.314138183593750000e+02 2.934990844726562500e+02
6.061333618164062500e+02 2.913784179687500000e+02
6.808151245117187500e+02 2.912707214355468750e+02
7.540477905273437500e+02 2.929339599609375000e+02
8.235953979492187500e+02 2.958185424804687500e+02
8.881867065429687500e+02 3.005946044921875000e+02
3.894356689453125000e+02 3.744677734375000000e+02
4.583526916503906250e+02 3.705138244628906250e+02
5.314014282226562500e+02 3.674353637695312500e+02
6.066853637695312500e+02 3.655925292968750000e+02
6.820770263671875000e+02 3.649658508300781250e+02
7.555439453125000000e+02 3.655420837402343750e+02
8.253231811523437500e+02 3.670631103515625000e+02
8.903865356445312500e+02 3.695738525390625000e+02
3.908539123535156250e+02 4.474477539062500000e+02
4.595531311035156250e+02 4.448982849121093750e+02
5.327210083007812500e+02 4.427050170898437500e+02
6.076893310546875000e+02 4.409722290039062500e+02
6.829771118164062500e+02 4.399713745117187500e+02
7.560788574218750000e+02 4.392961425781250000e+02
8.258233032226562500e+02 4.391778869628906250e+02
8.904822387695312500e+02 4.397987670898437500e+02
3.949830627441406250e+02 5.197471923828125000e+02
4.631632080078125000e+02 5.186671752929687500e+02
5.350317993164062500e+02 5.176156616210937500e+02
6.092617797851562500e+02 5.159564208984375000e+02
6.834798583984375000e+02 5.143140869140625000e+02
7.558753662109375000e+02 5.128739013671875000e+02
8.248103027343750000e+02 5.108742065429687500e+02
8.889355468750000000e+02 5.092607421875000000e+02
4.011977233886718750e+02 5.898905639648437500e+02
4.679146118164062500e+02 5.902362670898437500e+02
5.386532592773437500e+02 5.896818237304687500e+02
6.110703125000000000e+02 5.884542846679687500e+02
6.839991455078125000e+02 5.864105224609375000e+02
7.546928100585937500e+02 5.837623291015625000e+02
8.221755981445312500e+02 5.804929809570312500e+02
8.852489013671875000e+02 5.771213378906250000e+02
4.090726623535156250e+02 6.558137207031250000e+02
4.742907409667968750e+02 6.572570800781250000e+02
5.429715576171875000e+02 6.574945678710937500e+02
6.133338623046875000e+02 6.562656860351562500e+02
6.839867553710937500e+02 6.541577148437500000e+02
7.529622802734375000e+02 6.507006835937500000e+02
8.188322143554687500e+02 6.461196289062500000e+02
8.800802001953125000e+02 6.410093383789062500e+02
5.915527343750000000e+02 2.873464355468750000e+02
6.600872802734375000e+02 2.895009155273437500e+02
7.232609863281250000e+02 2.932027282714843750e+02
7.800941162109375000e+02 2.975004882812500000e+02
8.312834472656250000e+02 3.024062805175781250e+02
8.767742309570312500e+02 3.074814453125000000e+02
9.174812011718750000e+02 3.125162353515625000e+02
9.536518554687500000e+02 3.177078247070312500e+02
5.934985351562500000e+02 3.594159545898437500e+02
6.623263549804687500e+02 3.587525939941406250e+02
7.250117187500000000e+02 3.595280456542968750e+02
7.817287597656250000e+02 3.609140930175781250e+02
8.325668334960937500e+02 3.627525024414062500e+02
8.783141479492187500e+02 3.648724060058593750e+02
9.186388549804687500e+02 3.673403625488281250e+02
9.546867675781250000e+02 3.695668029785156250e+02
5.959482421875000000e+02 4.318476562500000000e+02
6.638502807617187500e+02 4.286891784667968750e+02
7.262914428710937500e+02 4.264083862304687500e+02
7.823955688476562500e+02 4.246301269531250000e+02
8.327177124023437500e+02 4.233236694335937500e+02
8.782422485351562500e+02 4.225212402343750000e+02
9.185106201171875000e+02 4.219764099121093750e+02
9.543569946289062500e+02 4.216096191406250000e+02
5.991134643554687500e+02 5.034345397949218750e+02
6.657202758789062500e+02 4.976735839843750000e+02
7.270292358398437500e+02 4.923285827636718750e+02
7.825243530273437500e+02 4.875176391601562500e+02
8.323327636718750000e+02 4.831694335937500000e+02
8.772355346679687500e+02 4.794812927246093750e+02
9.171494140625000000e+02 4.761604003906250000e+02
9.526392822265625000e+02 4.732185058593750000e+02
6.023320312500000000e+02 5.718493041992187500e+02
6.674123535156250000e+02 5.639771118164062500e+02
7.273886718750000000e+02 5.559559936523437500e+02
7.817354736328125000e+02 5.485160522460937500e+02
8.309996337890625000e+02 5.414546508789062500e+02
8.752098999023437500e+02 5.350568847656250000e+02
9.147023925781250000e+02 5.290266723632812500e+02
9.496314697265625000e+02 5.235260009765625000e+02
6.056369628906250000e+02 6.358942871093750000e+02
6.687950439453125000e+02 6.260874023437500000e+02
7.269339599609375000e+02 6.163736572265625000e+02
7.800079345703125000e+02 6.065121459960937500e+02
8.283602905273437500e+02 5.971102905273437500e+02
8.719355468750000000e+02 5.880106811523437500e+02
9.108182983398437500e+02 5.797592773437500000e+02
9.459287719726562500e+02 5.719746704101562500e+02
8.250109252929687500e+02 2.426053161621093750e+02
9.105342407226562500e+02 2.494072875976562500e+02
9.845482177734375000e+02 2.580737609863281250e+02
1.047577514648437500e+03 2.674695739746093750e+02
1.101112915039062500e+03 2.766223449707031250e+02
1.147007690429687500e+03 2.859745178222656250e+02
1.186072753906250000e+03 2.940725708007812500e+02
1.220006958007812500e+03 3.020603332519531250e+02
8.335316772460937500e+02 3.398276672363281250e+02
9.198369750976562500e+02 3.420579223632812500e+02
9.935905151367187500e+02 3.458433837890625000e+02
1.055836059570312500e+03 3.500343933105468750e+02
1.108716918945312500e+03 3.542569274902343750e+02
1.154064697265625000e+03 3.589540100097656250e+02
1.192531860351562500e+03 3.627951354980468750e+02
1.225737304687500000e+03 3.668156738281250000e+02
8.392028808593750000e+02 4.412569274902343750e+02
9.250319824218750000e+02 4.382466735839843750e+02
9.980626220703125000e+02 4.361166381835937500e+02
1.059720214843750000e+03 4.347632751464843750e+02
1.111887084960937500e+03 4.337121887207031250e+02
1.156756958007812500e+03 4.328887634277343750e+02
1.194963012695312500e+03 4.327123413085937500e+02
1.227783447265625000e+03 4.322928466796875000e+02
8.415700683593750000e+02 5.422271728515625000e+02
9.260556030273437500e+02 5.340153198242187500e+02
9.983124389648437500e+02 5.260750122070312500e+02
1.059611694335937500e+03 5.191007080078125000e+02
1.111376831054687500e+03 5.125627441406250000e+02
1.155972045898437500e+03 5.071321105957031250e+02
1.193875122070312500e+03 5.018078613281250000e+02
1.227006103515625000e+03 4.980568847656250000e+02
8.408612670898437500e+02 6.374348754882812500e+02
9.231992187500000000e+02 6.250482177734375000e+02
9.946074829101562500e+02 6.118562622070312500e+02
1.055192871093750000e+03 6.002451171875000000e+02
1.107145019531250000e+03 5.888488769531250000e+02
1.151690917968750000e+03 5.788601074218750000e+02
1.189980224609375000e+03 5.700444946289062500e+02
1.222725952148437500e+03 5.618096923828125000e+02
8.373668212890625000e+02 7.238703002929687500e+02
9.170027465820312500e+02 7.079800415039062500e+02
9.868125000000000000e+02 6.917204589843750000e+02
1.047055664062500000e+03 6.759879760742187500e+02
1.098897583007812500e+03 6.611282958984375000e+02
1.143463256835937500e+03 6.474812011718750000e+02
1.181982666015625000e+03 6.349257202148437500e+02
1.214939208984375000e+03 6.235305786132812500e+02
9.028223419189453125e+01 2.900801086425781250e+02
1.484100646972656250e+02 2.784215087890625000e+02
2.175201873779296875e+02 2.674267883300781250e+02
2.987227172851562500e+02 2.574525451660156250e+02
3.926748962402343750e+02 2.489440307617187500e+02
4.971699523925781250e+02 2.439762725830078125e+02
6.091577148437500000e+02 2.433871917724609375e+02
7.214647827148437500e+02 2.481398620605468750e+02
8.437368774414062500e+01 3.771271057128906250e+02
1.416068267822265625e+02 3.710214843750000000e+02
2.104117431640625000e+02 3.653020324707031250e+02
2.920196228027343750e+02 3.600136413574218750e+02
3.859974670410156250e+02 3.559620971679687500e+02
4.922498168945312500e+02 3.534817810058593750e+02
6.051520996093750000e+02 3.542950744628906250e+02
7.199461669921875000e+02 3.579600830078125000e+02
8.505112457275390625e+01 4.655515441894531250e+02
1.419479522705078125e+02 4.652399597167968750e+02
2.103506164550781250e+02 4.650837707519531250e+02
2.914299316406250000e+02 4.654084472656250000e+02
3.849403076171875000e+02 4.659890747070312500e+02
4.900262145996093750e+02 4.674518432617187500e+02
6.027040405273437500e+02 4.693331604003906250e+02
7.168901977539062500e+02 4.719972534179687500e+02
9.193444824218750000e+01 5.525301513671875000e+02
1.487894134521484375e+02 5.579617309570312500e+02
2.168136291503906250e+02 5.632565307617187500e+02
2.968991394042968750e+02 5.689595336914062500e+02
3.888948669433593750e+02 5.741278686523437500e+02
4.909817810058593750e+02 5.782745361328125000e+02
6.010576782226562500e+02 5.818519287109375000e+02
7.122992553710937500e+02 5.830703125000000000e+02
1.043671798706054688e+02 6.355794067382812500e+02
1.611057586669921875e+02 6.456282958984375000e+02
2.288389282226562500e+02 6.555460205078125000e+02
3.069978942871093750e+02 6.649884033203125000e+02
3.968468933105468750e+02 6.741185913085937500e+02
4.956087036132812500e+02 6.807911987304687500e+02
6.009975585937500000e+02 6.844128417968750000e+02
7.069889526367187500e+02 6.848623657226562500e+02
1.211872711181640625e+02 7.124692993164062500e+02
1.782839050292968750e+02 7.259251098632812500e+02
2.449361419677734375e+02 7.391788330078125000e+02
3.214558715820312500e+02 7.510258178710937500e+02
4.079320068359375000e+02 7.620028686523437500e+02
5.020410766601562500e+02 7.699447631835937500e+02
6.012226562500000000e+02 7.742600097656250000e+02
7.011475219726562500e+02 7.736134033203125000e+02
1.254893646240234375e+02 3.089949340820312500e+02
1.817024688720703125e+02 2.938575744628906250e+02
2.569278259277343750e+02 2.770076599121093750e+02
3.574431762695312500e+02 2.583295288085937500e+02
4.909547119140625000e+02 2.409841461181640625e+02
6.587987060546875000e+02 2.298571166992187500e+02
8.470266113281250000e+02 2.325303955078125000e+02
1.027017700195312500e+03 2.498695983886718750e+02
1.366955108642578125e+02 4.150597534179687500e+02
1.927711944580078125e+02 4.126070556640625000e+02
2.670467529296875000e+02 4.101720581054687500e+02
3.661288757324218750e+02 4.079815979003906250e+02
4.960221862792968750e+02 4.082765808105468750e+02
6.579325561523437500e+02 4.116418151855468750e+02
8.389787597656250000e+02 4.201806640625000000e+02
1.011993469238281250e+03 4.330134277343750000e+02
1.555424041748046875e+02 5.154946289062500000e+02
2.120548858642578125e+02 5.240826416015625000e+02
2.868757934570312500e+02 5.349731445312500000e+02
3.832517089843750000e+02 5.468624267578125000e+02
5.068493347167968750e+02 5.611741333007812500e+02
6.564095458984375000e+02 5.758999023437500000e+02
8.220202636718750000e+02 5.889792480468750000e+02
9.819808959960937500e+02 5.979652099609375000e+02
1.798322753906250000e+02 6.074582519531250000e+02
2.374311981201171875e+02 6.244356079101562500e+02
3.115675354003906250e+02 6.438767089843750000e+02
4.048833007812500000e+02 6.651026000976562500e+02
5.200106811523437500e+02 6.869517211914062500e+02
6.552769165039062500e+02 7.082004394531250000e+02
8.023067016601562500e+02 7.230797119140625000e+02
9.463642578125000000e+02 7.299559326171875000e+02
2.068956756591796875e+02 6.884465942382812500e+02
2.654907226562500000e+02 7.108311767578125000e+02
3.384621887207031250e+02 7.356784667968750000e+02
4.270534057617187500e+02 7.610463867187500000e+02
5.330277709960937500e+02 7.857844238281250000e+02
6.541823730468750000e+02 8.079897460937500000e+02
7.840102539062500000e+02 8.237637939453125000e+02
9.124425048828125000e+02 8.302307128906250000e+02
2.359783782958984375e+02 7.588392333984375000e+02
2.936414184570312500e+02 7.832143554687500000e+02
3.645350952148437500e+02 8.095248413085937500e+02
4.485693054199218750e+02 8.363679809570312500e+02
5.456328735351562500e+02 8.615831298828125000e+02
6.538235473632812500e+02 8.831447753906250000e+02
7.680165405273437500e+02 8.978880615234375000e+02
8.825341796875000000e+02 9.047950439453125000e+02
1.587555847167968750e+02 3.547065734863281250e+02
2.199776763916015625e+02 3.463554382324218750e+02
2.955422668457031250e+02 3.377553100585937500e+02
3.875148925781250000e+02 3.295397033691406250e+02
4.965952453613281250e+02 3.230311279296875000e+02
6.201649169921875000e+02 3.203752136230468750e+02
7.513601074218750000e+02 3.220606689453125000e+02
8.794230957031250000e+02 3.291049499511718750e+02
1.663837280273437500e+02 4.478695373535156250e+02
2.271392211914062500e+02 4.470545959472656250e+02
3.018822021484375000e+02 4.463798217773437500e+02
3.921288452148437500e+02 4.461480712890625000e+02
4.990630798339843750e+02 4.470814514160156250e+02
6.194186401367187500e+02 4.489696350097656250e+02
7.471608276367187500e+02 4.528940124511718750e+02
8.720286254882812500e+02 4.574567871093750000e+02
1.796929779052734375e+02 5.369524536132812500e+02
2.400715637207031250e+02 5.429630126953125000e+02
3.137543334960937500e+02 5.492361450195312500e+02
4.020440979003906250e+02 5.558021240234375000e+02
5.049087219238281250e+02 5.626065673828125000e+02
6.195635375976562500e+02 5.688770141601562500e+02
7.408539428710937500e+02 5.737855224609375000e+02
8.592573242187500000e+02 5.771273193359375000e+02
1.978398895263671875e+02 6.193936767578125000e+02
2.580917358398437500e+02 6.307642211914062500e+02
3.300480041503906250e+02 6.426056518554687500e+02
4.155106201171875000e+02 6.541388549804687500e+02
5.132031860351562500e+02 6.650137939453125000e+02
6.204321289062500000e+02 6.736066894531250000e+02
7.329484863281250000e+02 6.794489746093750000e+02
8.438183593750000000e+02 6.811356811523437500e+02
2.184350433349609375e+02 6.936580810546875000e+02
2.780379028320312500e+02 7.089055786132812500e+02
3.485493774414062500e+02 7.241340332031250000e+02
4.298733520507812500e+02 7.382797241210937500e+02
5.222268676757812500e+02 7.509351196289062500e+02
6.215343627929687500e+02 7.614163818359375000e+02
7.253783569335937500e+02 7.672138061523437500e+02
8.279945068359375000e+02 7.685398559570312500e+02
2.405688629150390625e+02 7.594629516601562500e+02
2.995205993652343750e+02 7.765440063476562500e+02
3.675778503417968750e+02 7.932557373046875000e+02
4.450450134277343750e+02 8.090344848632812500e+02
5.309656982421875000e+02 8.227545776367187500e+02
6.229577026367187500e+02 8.329219970703125000e+02
7.181672363281250000e+02 8.391953735351562500e+02
8.125326538085937500e+02 8.398917846679687500e+02
1.159870071411132812e+02 2.724575500488281250e+02
2.048199462890625000e+02 2.454724426269531250e+02
3.230959472656250000e+02 2.169751586914062500e+02
4.738574829101562500e+02 1.926554718017578125e+02
6.499405517578125000e+02 1.786941833496093750e+02
8.299833984375000000e+02 1.810901489257812500e+02
9.890935058593750000e+02 1.964743804931640625e+02
1.116492187500000000e+03 2.194762115478515625e+02
1.190251464843750000e+02 4.047225341796875000e+02
2.069721527099609375e+02 3.919962463378906250e+02
3.240930175781250000e+02 3.780082702636718750e+02
4.759806213378906250e+02 3.653488769531250000e+02
6.539471435546875000e+02 3.574641723632812500e+02
8.360713500976562500e+02 3.568695678710937500e+02
9.949301757812500000e+02 3.634747314453125000e+02
1.120967041015625000e+03 3.729654235839843750e+02
1.354957580566406250e+02 5.349100952148437500e+02
2.230003662109375000e+02 5.374519653320312500e+02
3.388174743652343750e+02 5.389019165039062500e+02
4.862961730957031250e+02 5.391536254882812500e+02
6.576960449218750000e+02 5.378195800781250000e+02
8.319342651367187500e+02 5.349450073242187500e+02
9.858681640625000000e+02 5.303649291992187500e+02
1.109002929687500000e+03 5.255866088867187500e+02
1.628364868164062500e+02 6.556058959960937500e+02
2.507939605712890625e+02 6.690518798828125000e+02
3.640865478515625000e+02 6.820033569335937500e+02
5.030446166992187500e+02 6.912625732421875000e+02
6.606979980468750000e+02 6.944421386718750000e+02
8.207582397460937500e+02 6.898598022460937500e+02
9.650017700195312500e+02 6.791004028320312500e+02
1.084269775390625000e+03 6.634958496093750000e+02
1.965263977050781250e+02 7.600682373046875000e+02
2.842872924804687500e+02 7.806024780273437500e+02
3.927747192382812500e+02 7.991428222656250000e+02
5.206844482421875000e+02 8.121162109375000000e+02
6.630190429687500000e+02 8.174954223632812500e+02
8.067155761718750000e+02 8.127614746093750000e+02
9.395723876953125000e+02 7.989771118164062500e+02
1.052602050781250000e+03 7.792983398437500000e+02
2.324956054687500000e+02 8.468210449218750000e+02
3.183302612304687500e+02 8.699788818359375000e+02
4.205545654296875000e+02 8.897085571289062500e+02
5.381824951171875000e+02 9.041807861328125000e+02
6.644097900390625000e+02 9.093813476562500000e+02
7.925615234375000000e+02 9.049673461914062500e+02
9.128334350585937500e+02 8.920776367187500000e+02
1.019547668457031250e+03 8.715206909179687500e+02
2.123112945556640625e+02 2.644213562011718750e+02
3.654143981933593750e+02 2.412791290283203125e+02
5.390284423828125000e+02 2.282827453613281250e+02
7.102982788085937500e+02 2.288062591552734375e+02
8.582268066406250000e+02 2.395861358642578125e+02
9.756235351562500000e+02 2.553388519287109375e+02
1.066005126953125000e+03 2.714913330078125000e+02
1.135068969726562500e+03 2.866563415527343750e+02
2.271711578369140625e+02 4.298766479492187500e+02
3.765817260742187500e+02 4.147111511230468750e+02
5.458825683593750000e+02 4.023988342285156250e+02
7.127916259765625000e+02 3.949201660156250000e+02
8.568914184570312500e+02 3.923550720214843750e+02
9.716674804687500000e+02 3.931810607910156250e+02
1.060330200195312500e+03 3.954066162109375000e+02
1.128435668945312500e+03 3.980895080566406250e+02
2.570992126464843750e+02 5.831693725585937500e+02
3.991354064941406250e+02 5.757417602539062500e+02
5.571546020507812500e+02 5.642652587890625000e+02
7.123244018554687500e+02 5.502729492187500000e+02
8.479682617187500000e+02 5.361618652343750000e+02
9.588524169921875000e+02 5.238665771484375000e+02
1.045974243164062500e+03 5.134656982421875000e+02
1.113826904296875000e+03 5.047098388671875000e+02
2.953891906738281250e+02 7.118064575195312500e+02
4.271412048339843750e+02 7.086158447265625000e+02
5.701831054687500000e+02 6.978574829101562500e+02
7.103514404296875000e+02 6.804681396484375000e+02
8.353885498046875000e+02 6.598507080078125000e+02
9.406485595703125000e+02 6.391611328125000000e+02
1.025612426757812500e+03 6.197908935546875000e+02
1.093405517578125000e+03 6.023582763671875000e+02
3.338273315429687500e+02 8.132387084960937500e+02
4.544457702636718750e+02 8.114855346679687500e+02
5.822692260742187500e+02 8.010038452148437500e+02
7.076854858398437500e+02 7.830986328125000000e+02
8.216875000000000000e+02 7.602485351562500000e+02
9.202631835937500000e+02 7.356781005859375000e+02
1.002392822265625000e+03 7.113995971679687500e+02
1.069375000000000000e+03 6.885653076171875000e+02
3.694473876953125000e+02 8.909254150390625000e+02
4.787818603515625000e+02 8.889939575195312500e+02
5.926280517578125000e+02 8.789709472656250000e+02
7.044526367187500000e+02 8.614479980468750000e+02
8.077892456054687500e+02 8.389559326171875000e+02
8.996195068359375000e+02 8.135309448242187500e+02
9.782670288085937500e+02 7.875540771484375000e+02
1.044307006835937500e+03 7.622410278320312500e+02
2.105995025634765625e+02 2.740260314941406250e+02
2.953229370117187500e+02 2.474576263427734375e+02
4.025249023437500000e+02 2.199714660644531250e+02
5.331733398437500000e+02 1.949345397949218750e+02
6.816541137695312500e+02 1.770368804931640625e+02
8.340443725585937500e+02 1.710505523681640625e+02
9.753178100585937500e+02 1.754299926757812500e+02
1.095955932617187500e+03 1.879372863769531250e+02
2.278242034912109375e+02 3.872974853515625000e+02
3.115156250000000000e+02 3.719993896484375000e+02
4.179819641113281250e+02 3.550077819824218750e+02
5.468541259765625000e+02 3.390373535156250000e+02
6.925239868164062500e+02 3.270783691406250000e+02
8.421196899414062500e+02 3.206763305664062500e+02
9.800089111328125000e+02 3.210321960449218750e+02
1.097357910156250000e+03 3.253737487792968750e+02
2.521636962890625000e+02 4.960538940429687500e+02
3.352136840820312500e+02 4.909364624023437500e+02
4.389615173339843750e+02 4.850105590820312500e+02
5.630006713867187500e+02 4.780074768066406250e+02
7.012197265625000000e+02 4.708764648437500000e+02
8.424147949218750000e+02 4.655398864746093750e+02
9.735835571289062500e+02 4.607850036621093750e+02
1.086085815429687500e+03 4.579950866699218750e+02
2.814685363769531250e+02 5.951497802734375000e+02
3.634960021972656250e+02 5.988008422851562500e+02
4.630357055664062500e+02 6.007305297851562500e+02
5.796378784179687500e+02 6.001776733398437500e+02
7.074567260742187500e+02 5.976726684570312500e+02
8.377132568359375000e+02 5.924221191406250000e+02
9.601476440429687500e+02 5.848772583007812500e+02
1.066877929687500000e+03 5.763811035156250000e+02
3.129808044433593750e+02 6.819105224609375000e+02
3.929251098632812500e+02 6.909411010742187500e+02
4.874497375488281250e+02 6.975356445312500000e+02
5.949887695312500000e+02 7.014598388671875000e+02
7.112254028320312500e+02 7.014567260742187500e+02
8.301199340820312500e+02 6.970112304687500000e+02
9.419239501953125000e+02 6.888247680664062500e+02
1.042695312500000000e+03 6.769238891601562500e+02
3.439025878906250000e+02 7.548789672851562500e+02
4.208452148437500000e+02 7.664696044921875000e+02
5.097689208984375000e+02 7.760678100585937500e+02
6.087463378906250000e+02 7.820070190429687500e+02
7.139184570312500000e+02 7.832122802734375000e+02
8.205864868164062500e+02 7.798045043945312500e+02
9.230101318359375000e+02 7.719720458984375000e+02
1.017031066894531250e+03 7.595451049804687500e+02
1.833249359130859375e+02 1.902678833007812500e+02
2.704489135742187500e+02 1.565056762695312500e+02
3.824635314941406250e+02 1.220613327026367188e+02
5.198748168945312500e+02 9.213365936279296875e+01
6.763234252929687500e+02 7.328898620605468750e+01
8.368638305664062500e+02 7.024811553955078125e+01
9.852267456054687500e+02 8.180716705322265625e+01
1.110028198242187500e+03 1.044745941162109375e+02
1.983280029296875000e+02 3.074746093750000000e+02
2.845250854492187500e+02 2.850120239257812500e+02
3.949936523437500000e+02 2.621735534667968750e+02
5.311740112304687500e+02 2.410754089355468750e+02
6.859475708007812500e+02 2.280386657714843750e+02
8.440897216796875000e+02 2.247375793457031250e+02
9.890588989257812500e+02 2.319350433349609375e+02
1.110204711914062500e+03 2.449651031494140625e+02
2.224522094726562500e+02 4.219489135742187500e+02
3.069372253417968750e+02 4.119595642089843750e+02
4.149400939941406250e+02 4.007312011718750000e+02
5.459777221679687500e+02 3.902486877441406250e+02
6.932728881835937500e+02 3.820758361816406250e+02
8.432665405273437500e+02 3.791520385742187500e+02
9.812976684570312500e+02 3.800624694824218750e+02
1.097969360351562500e+03 3.840119628906250000e+02
2.525184783935546875e+02 5.279816894531250000e+02
3.364457702636718750e+02 5.277244262695312500e+02
4.394343872070312500e+02 5.261934814453125000e+02
5.621527099609375000e+02 5.238672485351562500e+02
6.982778320312500000e+02 5.211361083984375000e+02
8.365587158203125000e+02 5.180090332031250000e+02
9.649385986328125000e+02 5.142479248046875000e+02
1.075147949218750000e+03 5.105484008789062500e+02
2.855798339843750000e+02 6.206979370117187500e+02
3.670866394042968750e+02 6.272144775390625000e+02
4.651906433105468750e+02 6.326536254882812500e+02
5.781481323242187500e+02 6.358356933593750000e+02
7.011209716796875000e+02 6.360035400390625000e+02
8.260344848632812500e+02 6.330611572265625000e+02
9.435168457031250000e+02 6.269570922851562500e+02
1.046939453125000000e+03 6.191392822265625000e+02
3.185629272460937500e+02 6.989431762695312500e+02
3.974418640136718750e+02 7.095014648437500000e+02
4.889507446289062500e+02 7.179602050781250000e+02
5.920324707031250000e+02 7.239058227539062500e+02
7.028811035156250000e+02 7.260596923828125000e+02
8.147551879882812500e+02 7.237032470703125000e+02
9.212659301757812500e+02 7.172305908203125000e+02
1.017839294433593750e+03 7.069347534179687500e+02
1.268063201904296875e+02 2.765698852539062500e+02
1.858357238769531250e+02 2.565479431152343750e+02
2.654032592773437500e+02 2.333833465576171875e+02
3.731275634765625000e+02 2.082978973388671875e+02
5.160246582031250000e+02 1.841815948486328125e+02
6.936769409179687500e+02 1.698809204101562500e+02
8.880090332031250000e+02 1.723731079101562500e+02
1.067659423828125000e+03 1.931771697998046875e+02
1.322351989746093750e+02 3.870639343261718750e+02
1.901407775878906250e+02 3.806275634765625000e+02
2.689198913574218750e+02 3.730370483398437500e+02
3.750020446777343750e+02 3.650725097656250000e+02
5.159487915039062500e+02 3.589632568359375000e+02
6.922941284179687500e+02 3.581635131835937500e+02
8.851528320312500000e+02 3.660914916992187500e+02
1.062914672851562500e+03 3.809831848144531250e+02
1.466791839599609375e+02 4.950049133300781250e+02
2.049472198486328125e+02 5.010129394531250000e+02
2.834927062988281250e+02 5.088978576660156250e+02
3.873334960937500000e+02 5.180776367187500000e+02
5.230576171875000000e+02 5.288005981445312500e+02
6.889292602539062500e+02 5.415451660156250000e+02
8.695176391601562500e+02 5.529481811523437500e+02
1.037812255859375000e+03 5.612422485351562500e+02
1.679744110107421875e+02 5.950244140625000000e+02
2.274757537841796875e+02 6.112339477539062500e+02
3.059792785644531250e+02 6.309030761718750000e+02
4.069573669433593750e+02 6.521978759765625000e+02
5.333886718750000000e+02 6.740313110351562500e+02
6.839018554687500000e+02 6.941275024414062500e+02
8.458763427734375000e+02 7.083034667968750000e+02
1.000403381347656250e+03 7.122858276367187500e+02
1.943475341796875000e+02 6.845120239257812500e+02
2.542962341308593750e+02 7.073171386718750000e+02
3.315854492187500000e+02 7.335180053710937500e+02
4.280030212402343750e+02 7.613816528320312500e+02
5.450193481445312500e+02 7.880603637695312500e+02
6.790987548828125000e+02 8.108501586914062500e+02
8.225118408203125000e+02 8.250772094726562500e+02
9.605541381835937500e+02 8.287738647460937500e+02
2.225347595214843750e+02 7.616442871093750000e+02
2.833233642578125000e+02 7.885265502929687500e+02
3.586695251464843750e+02 8.175670166015625000e+02
4.494204711914062500e+02 8.464711303710937500e+02
5.560354003906250000e+02 8.739907836914062500e+02
6.750209960937500000e+02 8.964904174804687500e+02
8.011301879882812500e+02 9.107306518554687500e+02
9.244934082031250000e+02 9.150046386718750000e+02
2.952444763183593750e+02 2.184996185302734375e+02
5.130065307617187500e+02 1.940644683837890625e+02
7.051524658203125000e+02 1.919402160644531250e+02
8.495148315429687500e+02 2.028302459716796875e+02
9.532130737304687500e+02 2.169147949218750000e+02
1.027951049804687500e+03 2.310364837646484375e+02
1.083804077148437500e+03 2.429438323974609375e+02
1.125676391601562500e+03 2.531742553710937500e+02
3.295909729003906250e+02 4.344197998046875000e+02
5.322146606445312500e+02 4.002711791992187500e+02
7.111761474609375000e+02 3.769226989746093750e+02
8.479092407226562500e+02 3.629624328613281250e+02
9.470759277343750000e+02 3.552688293457031250e+02
1.020158264160156250e+03 3.512843627929687500e+02
1.074887695312500000e+03 3.488938598632812500e+02
1.116762084960937500e+03 3.475559692382812500e+02
3.776067810058593750e+02 6.154929809570312500e+02
5.550720825195312500e+02 5.771683959960937500e+02
7.135124511718750000e+02 5.393740844726562500e+02
8.391380615234375000e+02 5.071309204101562500e+02
9.334117431640625000e+02 4.823820800781250000e+02
1.005381958007812500e+03 4.635178833007812500e+02
1.060378662109375000e+03 4.486904602050781250e+02
1.102949340820312500e+03 4.370472717285156250e+02
4.244442749023437500e+02 7.478531494140625000e+02
5.759909667968750000e+02 7.094975585937500000e+02
7.136199951171875000e+02 6.670752563476562500e+02
8.270360717773437500e+02 6.265178833007812500e+02
9.167077026367187500e+02 5.914268188476562500e+02
9.871248779296875000e+02 5.627474365234375000e+02
1.041605590820312500e+03 5.394044189453125000e+02
1.085108398437500000e+03 5.194539184570312500e+02
4.637341613769531250e+02 8.405109252929687500e+02
5.932474365234375000e+02 8.045185546875000000e+02
7.125605468750000000e+02 7.623964843750000000e+02
8.148105468750000000e+02 7.204600219726562500e+02
8.987113647460937500e+02 6.816569824218750000e+02
9.663131103515625000e+02 6.482313232421875000e+02
1.021378662109375000e+03 6.184959716796875000e+02
1.065339599609375000e+03 5.933700561523437500e+02
4.944532470703125000e+02 9.056812133789062500e+02
6.068153076171875000e+02 8.725200195312500000e+02
7.107407226562500000e+02 8.334161987304687500e+02
8.027619628906250000e+02 7.926835327148437500e+02
8.807175903320312500e+02 7.541329956054687500e+02
9.458358764648437500e+02 7.184996337890625000e+02
9.994797363281250000e+02 6.869636230468750000e+02
1.044256713867187500e+03 6.583815917968750000e+02
1.272440719604492188e+02 3.047698669433593750e+02
1.835175476074218750e+02 2.854891052246093750e+02
2.604905395507812500e+02 2.624120483398437500e+02
3.660428771972656250e+02 2.363313598632812500e+02
5.095959777832031250e+02 2.099290466308593750e+02
6.928037719726562500e+02 1.918678283691406250e+02
8.968656005859375000e+02 1.904369964599609375e+02
1.085827880859375000e+03 2.081489410400390625e+02
1.399798583984375000e+02 4.142545166015625000e+02
1.961980133056640625e+02 4.089211120605468750e+02
2.726664733886718750e+02 4.031998291015625000e+02
3.770789489746093750e+02 3.961882324218750000e+02
5.171339721679687500e+02 3.908308715820312500e+02
6.960844726562500000e+02 3.889062500000000000e+02
8.939231567382812500e+02 3.943450317382812500e+02
1.077004882812500000e+03 4.055338134765625000e+02
1.605318756103515625e+02 5.189821777343750000e+02
2.179210968017578125e+02 5.267607421875000000e+02
2.946764831542968750e+02 5.353933105468750000e+02
3.972149353027343750e+02 5.459869995117187500e+02
5.309262695312500000e+02 5.579469604492187500e+02
6.957265625000000000e+02 5.703897094726562500e+02
8.768436889648437500e+02 5.805564575195312500e+02
1.047176025390625000e+03 5.859184570312500000e+02
1.871220550537109375e+02 6.146850585937500000e+02
2.465638275146484375e+02 6.322211914062500000e+02
3.232488098144531250e+02 6.514624023437500000e+02
4.223450317382812500e+02 6.727972412109375000e+02
5.465445556640625000e+02 6.947982177734375000e+02
6.940192260742187500e+02 7.143516845703125000e+02
8.540104980468750000e+02 7.273223266601562500e+02
1.006483764648437500e+03 7.306915283203125000e+02
2.167180023193359375e+02 6.986730346679687500e+02
2.777496948242187500e+02 7.227970581054687500e+02
3.530798034667968750e+02 7.474548950195312500e+02
4.471417846679687500e+02 7.741342163085937500e+02
5.611431274414062500e+02 8.000421142578125000e+02
6.918173828125000000e+02 8.215399169921875000e+02
8.311071166992187500e+02 8.349321899414062500e+02
9.669252319335937500e+02 8.385103149414062500e+02
2.474037780761718750e+02 7.705373535156250000e+02
3.078709106445312500e+02 7.968171997070312500e+02
3.817464599609375000e+02 8.244407958984375000e+02
4.707475891113281250e+02 8.523372802734375000e+02
5.742448730468750000e+02 8.782069702148437500e+02
6.894254150390625000e+02 8.994847412109375000e+02
8.112300415039062500e+02 9.131746826171875000e+02
9.317491455078125000e+02 9.171175537109375000e+02
1.383200531005859375e+02 2.740527343750000000e+02
2.448548736572265625e+02 2.465570678710937500e+02
3.865942687988281250e+02 2.200326690673828125e+02
5.629483642578125000e+02 2.009702301025390625e+02
7.545160522460937500e+02 1.976927947998046875e+02
9.311604614257812500e+02 2.109571838378906250e+02
1.075036010742187500e+03 2.329785919189453125e+02
1.183918457031250000e+03 2.571713562011718750e+02
1.511737213134765625e+02 4.191039733886718750e+02
2.558698425292968750e+02 4.087881774902343750e+02
3.949640808105468750e+02 3.980191650390625000e+02
5.680514526367187500e+02 3.890812072753906250e+02
7.551752929687500000e+02 3.865651550292968750e+02
9.280160522460937500e+02 3.900095214843750000e+02
1.067890747070312500e+03 3.972145690917968750e+02
1.175086914062500000e+03 4.050018005371093750e+02
1.779582672119140625e+02 5.568042602539062500e+02
2.809628601074218750e+02 5.609674682617187500e+02
4.149890136718750000e+02 5.640590209960937500e+02
5.768112182617187500e+02 5.650179443359375000e+02
7.502068481445312500e+02 5.623878173828125000e+02
9.121359863281250000e+02 5.578239746093750000e+02
1.046129272460937500e+03 5.518215942382812500e+02
1.151099609375000000e+03 5.454445800781250000e+02
2.134712829589843750e+02 6.764881591796875000e+02
3.148185729980468750e+02 6.907939453125000000e+02
4.405080261230468750e+02 7.020147094726562500e+02
5.872360839843750000e+02 7.076210937500000000e+02
7.421472167968750000e+02 7.061494140625000000e+02
8.891871337890625000e+02 6.969795532226562500e+02
1.015071716308593750e+03 6.840218505859375000e+02
1.117658813476562500e+03 6.680364379882812500e+02
2.521900482177734375e+02 7.755485839843750000e+02
3.495236206054687500e+02 7.940429077148437500e+02
4.656960754394531250e+02 8.081298217773437500e+02
5.969842529296875000e+02 8.160256958007812500e+02
7.340853881835937500e+02 8.146539306640625000e+02
8.656170043945312500e+02 8.050180664062500000e+02
9.826023559570312500e+02 7.889791870117187500e+02
1.080838867187500000e+03 7.691707153320312500e+02
2.895554199218750000e+02 8.545095214843750000e+02
3.824062805175781250e+02 8.741257324218750000e+02
4.884502563476562500e+02 8.880052490234375000e+02
6.061567382812500000e+02 8.959102783203125000e+02
7.268988647460937500e+02 8.948326416015625000e+02
8.437029418945312500e+02 8.860215454101562500e+02
9.509632568359375000e+02 8.699440307617187500e+02
1.044099243164062500e+03 8.503533325195312500e+02
1.105871429443359375e+02 2.695537414550781250e+02
1.855541534423828125e+02 2.458052673339843750e+02
2.869753723144531250e+02 2.195843353271484375e+02
4.224629516601562500e+02 1.936187744140625000e+02
5.936430053710937500e+02 1.747322998046875000e+02
7.849957885742187500e+02 1.724498291015625000e+02
9.681148071289062500e+02 1.879161376953125000e+02
1.119931640625000000e+03 2.146388854980468750e+02
1.224259719848632812e+02 3.928556518554687500e+02
1.961676635742187500e+02 3.842803649902343750e+02
2.959769592285156250e+02 3.750078430175781250e+02
4.290016479492187500e+02 3.659381103515625000e+02
5.959660644531250000e+02 3.605242614746093750e+02
7.831140136718750000e+02 3.621932678222656250e+02
9.610787353515625000e+02 3.720495300292968750e+02
1.108801513671875000e+03 3.858412170410156250e+02
1.452028503417968750e+02 5.109287414550781250e+02
2.189895477294921875e+02 5.159325561523437500e+02
3.174596862792968750e+02 5.215623168945312500e+02
4.452295227050781250e+02 5.279462890625000000e+02
6.010101318359375000e+02 5.340766601562500000e+02
7.735620117187500000e+02 5.401151123046875000e+02
9.394948120117187500e+02 5.439266967773437500e+02
1.080045410156250000e+03 5.455297241210937500e+02
1.750279693603515625e+02 6.169866943359375000e+02
2.495906524658203125e+02 6.319707641601562500e+02
3.455517578125000000e+02 6.479793701171875000e+02
4.650901794433593750e+02 6.633128051757812500e+02
6.071354980468750000e+02 6.764619140625000000e+02
7.610408935546875000e+02 6.845039062500000000e+02
9.109843139648437500e+02 6.853790283203125000e+02
1.041961303710937500e+03 6.800180664062500000e+02
2.084949645996093750e+02 7.080170288085937500e+02
2.829681091308593750e+02 7.289271240234375000e+02
3.749591369628906250e+02 7.500479125976562500e+02
4.859455871582031250e+02 7.700684204101562500e+02
6.129218750000000000e+02 7.849591064453125000e+02
7.486127929687500000e+02 7.936393432617187500e+02
8.813853759765625000e+02 7.938761596679687500e+02
1.002441772460937500e+03 7.858698730468750000e+02
2.425441894531250000e+02 7.842052001953125000e+02
3.156500854492187500e+02 8.074251098632812500e+02
4.030433959960937500e+02 8.300361938476562500e+02
5.049667663574218750e+02 8.501701049804687500e+02
6.181105346679687500e+02 8.654677124023437500e+02
7.375296020507812500e+02 8.739565429687500000e+02
8.558027343750000000e+02 8.740108642578125000e+02
9.655523681640625000e+02 8.669572753906250000e+02
2.095249786376953125e+02 2.999676513671875000e+02
3.123011474609375000e+02 2.863831787109375000e+02
4.346336364746093750e+02 2.760268249511718750e+02
5.714819946289062500e+02 2.710265808105468750e+02
7.117272338867187500e+02 2.729657897949218750e+02
8.423715820312500000e+02 2.820665588378906250e+02
9.560364990234375000e+02 2.949624023437500000e+02
1.049650756835937500e+03 3.090416259765625000e+02
2.080133819580078125e+02 4.233535766601562500e+02
3.101866149902343750e+02 4.179395446777343750e+02
4.329321289062500000e+02 4.136181030273437500e+02
5.703554077148437500e+02 4.110453186035156250e+02
7.111082153320312500e+02 4.116792297363281250e+02
8.429563598632812500e+02 4.147773437500000000e+02
9.559790039062500000e+02 4.194912414550781250e+02
1.049729614257812500e+03 4.248902282714843750e+02
2.172680053710937500e+02 5.457831420898437500e+02
3.182015075683593750e+02 5.489512329101562500e+02
4.380031738281250000e+02 5.504227294921875000e+02
5.722087402343750000e+02 5.507639160156250000e+02
7.090844726562500000e+02 5.489775390625000000e+02
8.370772094726562500e+02 5.470374145507812500e+02
9.492666625976562500e+02 5.430039672851562500e+02
1.040773071289062500e+03 5.396385498046875000e+02
2.350776672363281250e+02 6.600028076171875000e+02
3.337003479003906250e+02 6.690883178710937500e+02
4.488691406250000000e+02 6.751901855468750000e+02
5.760661621093750000e+02 6.770925292968750000e+02
7.057404785156250000e+02 6.743605957031250000e+02
8.278697509765625000e+02 6.677565307617187500e+02
9.356773681640625000e+02 6.580214843750000000e+02
1.025945678710937500e+03 6.470444946289062500e+02
2.581720886230468750e+02 7.600075683593750000e+02
3.537357482910156250e+02 7.730145263671875000e+02
4.631152343750000000e+02 7.818388671875000000e+02
5.811453857421875000e+02 7.848925781250000000e+02
7.015362548828125000e+02 7.810659790039062500e+02
8.161824340820312500e+02 7.720188598632812500e+02
9.184685058593750000e+02 7.586264648437500000e+02
1.005932128906250000e+03 7.432109375000000000e+02
2.839674682617187500e+02 8.450109252929687500e+02
3.754358520507812500e+02 8.588045654296875000e+02
4.777467041015625000e+02 8.685111694335937500e+02
5.868611450195312500e+02 8.715805664062500000e+02
6.970733032226562500e+02 8.680639648437500000e+02
8.029031372070312500e+02 8.577629394531250000e+02
8.997612304687500000e+02 8.428176269531250000e+02
9.844536132812500000e+02 8.253579711914062500e+02
2.794991455078125000e+02 2.258155975341796875e+02
4.299279479980468750e+02 2.208449859619140625e+02
5.809582519531250000e+02 2.261078338623046875e+02
7.167104492187500000e+02 2.400502624511718750e+02
8.296884765625000000e+02 2.570875244140625000e+02
9.199514160156250000e+02 2.750228576660156250e+02
9.915828857421875000e+02 2.916799316406250000e+02
1.047937011718750000e+03 3.070274658203125000e+02
2.780514831542968750e+02 3.799877014160156250e+02
4.279740600585937500e+02 3.739480590820312500e+02
5.784382324218750000e+02 3.726186523437500000e+02
7.139819335937500000e+02 3.753946838378906250e+02
8.261140136718750000e+02 3.807552795410156250e+02
9.160025634765625000e+02 3.869268493652343750e+02
9.870223388671875000e+02 3.930353698730468750e+02
1.043160522460937500e+03 3.990472106933593750e+02
2.906075439453125000e+02 5.312870483398437500e+02
4.343202819824218750e+02 5.246071777343750000e+02
5.787466430664062500e+02 5.166452026367187500e+02
7.088991088867187500e+02 5.088753356933593750e+02
8.183347778320312500e+02 5.019853515625000000e+02
9.068970947265625000e+02 4.968056640625000000e+02
9.772872314453125000e+02 4.925299682617187500e+02
1.033598022460937500e+03 4.889724731445312500e+02
3.130104675292968750e+02 6.655092773437500000e+02
4.471079101562500000e+02 6.578465576171875000e+02
5.812346801757812500e+02 6.450856323242187500e+02
7.034442138671875000e+02 6.297775268554687500e+02
8.078751220703125000e+02 6.138719482421875000e+02
8.940048828125000000e+02 5.990977172851562500e+02
9.640903930664062500e+02 5.860003051757812500e+02
1.020034057617187500e+03 5.745775146484375000e+02
3.401012878417968750e+02 7.757253417968750000e+02
4.630329589843750000e+02 7.671680297851562500e+02
5.851266479492187500e+02 7.518635864257812500e+02
6.979210815429687500e+02 7.322800903320312500e+02
7.960223999023437500e+02 7.112547607421875000e+02
8.788567504882812500e+02 6.904025878906250000e+02
9.469320068359375000e+02 6.710549926757812500e+02
1.003187133789062500e+03 6.534194335937500000e+02
3.667166748046875000e+02 8.627396850585937500e+02
4.789376831054687500e+02 8.535594482421875000e+02
5.890245971679687500e+02 8.369817504882812500e+02
6.920234985351562500e+02 8.160182495117187500e+02
7.832047119140625000e+02 7.928162231445312500e+02
8.624313354492187500e+02 7.684456787109375000e+02
9.290448608398437500e+02 7.455672607421875000e+02
9.844049682617187500e+02 7.244277343750000000e+02
1.566257019042968750e+02 2.010750579833984375e+02
2.956497497558593750e+02 1.859221191406250000e+02
4.472177734375000000e+02 1.811563262939453125e+02
5.961644287109375000e+02 1.878489990234375000e+02
7.291155395507812500e+02 2.028173828125000000e+02
8.391544189453125000e+02 2.218781585693359375e+02
9.273421630859375000e+02 2.412698211669921875e+02
9.970150756835937500e+02 2.599364013671875000e+02
1.514210052490234375e+02 3.511338806152343750e+02
2.910846252441406250e+02 3.380296020507812500e+02
4.449155578613281250e+02 3.309816894531250000e+02
5.962954711914062500e+02 3.299574279785156250e+02
7.307470703125000000e+02 3.349273986816406250e+02
8.413952026367187500e+02 3.427596740722656250e+02
9.289195556640625000e+02 3.511527099609375000e+02
9.980917968750000000e+02 3.595885925292968750e+02
1.631656951904296875e+02 5.040966491699218750e+02
3.000513000488281250e+02 4.950185546875000000e+02
4.500185852050781250e+02 4.858494873046875000e+02
5.980452270507812500e+02 4.773858032226562500e+02
7.296443481445312500e+02 4.707754211425781250e+02
8.386089477539062500e+02 4.659770507812500000e+02
9.254810180664062500e+02 4.623165283203125000e+02
9.939836425781250000e+02 4.598461914062500000e+02
1.900844268798828125e+02 6.459869384765625000e+02
3.209895629882812500e+02 6.400340576171875000e+02
4.630989379882812500e+02 6.291328735351562500e+02
6.020758056640625000e+02 6.143874511718750000e+02
7.271705322265625000e+02 5.981348876953125000e+02
8.319705200195312500e+02 5.829763793945312500e+02
9.168052368164062500e+02 5.688637695312500000e+02
9.844076538085937500e+02 5.564674072265625000e+02
2.250517883300781250e+02 7.664238891601562500e+02
3.479968872070312500e+02 7.619815063476562500e+02
4.791143493652343750e+02 7.500291748046875000e+02
6.067241821289062500e+02 7.319262695312500000e+02
7.229983520507812500e+02 7.097183227539062500e+02
8.222424926757812500e+02 6.871796875000000000e+02
9.048735961914062500e+02 6.654529418945312500e+02
9.709487915039062500e+02 6.460496215820312500e+02
2.625509643554687500e+02 8.637326049804687500e+02
3.764725036621093750e+02 8.587411499023437500e+02
4.952636413574218750e+02 8.460383911132812500e+02
6.111427001953125000e+02 8.260953979492187500e+02
7.178745727539062500e+02 8.021725463867187500e+02
8.110982055664062500e+02 7.754854736328125000e+02
8.900181884765625000e+02 7.500795898437500000e+02
9.555025634765625000e+02 7.254755859375000000e+02
2.346264038085937500e+02 2.889159851074218750e+02
3.112520751953125000e+02 2.724850158691406250e+02
4.064681091308593750e+02 2.559980468750000000e+02
5.219224243164062500e+02 2.417840576171875000e+02
6.548336791992187500e+02 2.322158050537109375e+02
7.961165771484375000e+02 2.307269897460937500e+02
9.330478515625000000e+02 2.368178100585937500e+02
1.055054687500000000e+03 2.499541931152343750e+02
2.329524688720703125e+02 3.940829162597656250e+02
3.087941589355468750e+02 3.869280395507812500e+02
4.039697265625000000e+02 3.795988464355468750e+02
5.203583374023437500e+02 3.735167846679687500e+02
6.548189697265625000e+02 3.700308227539062500e+02
7.980584716796875000e+02 3.706992187500000000e+02
9.359143066406250000e+02 3.754657287597656250e+02
1.058984130859375000e+03 3.829948425292968750e+02
2.386754913330078125e+02 4.992904052734375000e+02
3.140794372558593750e+02 5.020978088378906250e+02
4.082351379394531250e+02 5.046596679687500000e+02
5.230504150390625000e+02 5.075943298339843750e+02
6.546635742187500000e+02 5.105461730957031250e+02
7.944278564453125000e+02 5.137706909179687500e+02
9.302612915039062500e+02 5.161306762695312500e+02
1.051035766601562500e+03 5.179899291992187500e+02
2.508960723876953125e+02 6.001563110351562500e+02
3.257277526855468750e+02 6.111354370117187500e+02
4.179080505371093750e+02 6.222747802734375000e+02
5.289400634765625000e+02 6.331276245117187500e+02
6.544255371093750000e+02 6.409375000000000000e+02
7.873630371093750000e+02 6.461026000976562500e+02
9.170830688476562500e+02 6.470007934570312500e+02
1.033492675781250000e+03 6.440028686523437500e+02
2.684554138183593750e+02 6.925643920898437500e+02
3.421952514648437500e+02 7.096782836914062500e+02
4.322303161621093750e+02 7.269409179687500000e+02
5.370146484375000000e+02 7.420913696289062500e+02
6.542023315429687500e+02 7.535791625976562500e+02
7.780126342773437500e+02 7.599146118164062500e+02
8.990103149414062500e+02 7.599547119140625000e+02
1.010217102050781250e+03 7.539761962890625000e+02
2.889818420410156250e+02 7.739415893554687500e+02
3.614101867675781250e+02 7.944368286132812500e+02
4.471747741699218750e+02 8.145001831054687500e+02
5.461737060546875000e+02 8.318764038085937500e+02
6.540432128906250000e+02 8.449833374023437500e+02
7.675416259765625000e+02 8.519879760742187500e+02
8.792825927734375000e+02 8.523949584960937500e+02
9.834693603515625000e+02 8.459280395507812500e+02
2.145881805419921875e+02 2.589540100097656250e+02
2.897788696289062500e+02 2.418833770751953125e+02
3.839421386718750000e+02 2.249536590576171875e+02
4.985135498046875000e+02 2.100271759033203125e+02
6.310501708984375000e+02 2.009848785400390625e+02
7.734094848632812500e+02 2.002292480468750000e+02
9.130123291015625000e+02 2.088813629150390625e+02
1.038093627929687500e+03 2.252195587158203125e+02
2.121759338378906250e+02 3.640800170898437500e+02
2.864045715332031250e+02 3.559484863281250000e+02
3.800620422363281250e+02 3.479981384277343750e+02
4.949460449218750000e+02 3.419670410156250000e+02
6.287255859375000000e+02 3.388839416503906250e+02
7.728945922851562500e+02 3.407781066894531250e+02
9.136434936523437500e+02 3.482270507812500000e+02
1.039040161132812500e+03 3.599779052734375000e+02
2.171839599609375000e+02 4.691963195800781250e+02
2.909580383300781250e+02 4.711647644042968750e+02
3.831399230957031250e+02 4.729955444335937500e+02
4.962231140136718750e+02 4.761547851562500000e+02
6.270969848632812500e+02 4.799093322753906250e+02
7.678941040039062500e+02 4.850113220214843750e+02
9.055889282226562500e+02 4.904618835449218750e+02
1.029175903320312500e+03 4.957904663085937500e+02
2.293044738769531250e+02 5.701768188476562500e+02
3.023901367187500000e+02 5.807173461914062500e+02
3.929956359863281250e+02 5.916817626953125000e+02
5.013365783691406250e+02 6.021386108398437500e+02
6.260977172851562500e+02 6.117980346679687500e+02
7.595272827148437500e+02 6.189940185546875000e+02
8.908096923828125000e+02 6.224979858398437500e+02
1.009417114257812500e+03 6.228386230468750000e+02
2.465007171630859375e+02 6.628562011718750000e+02
3.190965270996093750e+02 6.798473510742187500e+02
4.060671081542968750e+02 6.961979370117187500e+02
5.095596313476562500e+02 7.120353393554687500e+02
6.260274658203125000e+02 7.250596923828125000e+02
7.494067382812500000e+02 7.338436279296875000e+02
8.715473632812500000e+02 7.363644409179687500e+02
9.839926757812500000e+02 7.337120361328125000e+02
2.670391845703125000e+02 7.445317382812500000e+02
3.380277099609375000e+02 7.651375122070312500e+02
4.219429321289062500e+02 7.850225219726562500e+02
5.188997802734375000e+02 8.028775634765625000e+02
6.260700683593750000e+02 8.179769897460937500e+02
7.394447631835937500e+02 8.269380493164062500e+02
8.522156372070312500e+02 8.289793090820312500e+02
9.567568359375000000e+02 8.255300903320312500e+02
1.056597366333007812e+02 1.526110382080078125e+02
2.150000000000000000e+02 1.130000000000000000e+02
3.684755859375000000e+02 7.124838256835937500e+01
5.510000000000000000e+02 4.800000000000000000e+01
7.540000000000000000e+02 4.700000000000000000e+01
9.319735107421875000e+02 6.806051635742187500e+01
1.077160034179687500e+03 1.025989456176757812e+02
1.185553344726562500e+03 1.400355529785156250e+02
9.895448303222656250e+01 3.025599060058593750e+02
2.090958099365234375e+02 2.749823913574218750e+02
3.600668029785156250e+02 2.481777954101562500e+02
5.519782714843750000e+02 2.294993286132812500e+02
7.595914306640625000e+02 2.277462768554687500e+02
9.450881958007812500e+02 2.419624786376953125e+02
1.090020751953125000e+03 2.640059509277343750e+02
1.195897827148437500e+03 2.869356994628906250e+02
1.109340209960937500e+02 4.589837951660156250e+02
2.193206024169921875e+02 4.508601074218750000e+02
3.680677490234375000e+02 4.423638610839843750e+02
5.569978637695312500e+02 4.350977478027343750e+02
7.611035156250000000e+02 4.314528503417968750e+02
9.429320678710937500e+02 4.325697021484375000e+02
1.085108520507812500e+03 4.358103027343750000e+02
1.189630615234375000e+03 4.398482055664062500e+02
1.397620544433593750e+02 6.066091308593750000e+02
2.481284790039062500e+02 6.157838745117187500e+02
3.913521423339843750e+02 6.228338623046875000e+02
5.671881103515625000e+02 6.248258056640625000e+02
7.554775390625000000e+02 6.205212402343750000e+02
9.261752319335937500e+02 6.101927490234375000e+02
1.062978515625000000e+03 5.975433959960937500e+02
1.166539428710937500e+03 5.848290405273437500e+02
1.794973754882812500e+02 7.339558105468750000e+02
2.864238586425781250e+02 7.529717407226562500e+02
4.210254211425781250e+02 7.678176269531250000e+02
5.798206176757812500e+02 7.751303710937500000e+02
7.465526733398437500e+02 7.704735107421875000e+02
9.012128906250000000e+02 7.551600341796875000e+02
1.030531494140625000e+03 7.340615844726562500e+02
1.132530639648437500e+03 7.110651855468750000e+02
2.224550018310546875e+02 8.363853759765625000e+02
3.260691528320312500e+02 8.588479003906250000e+02
4.504338989257812500e+02 8.762074584960937500e+02
5.909584960937500000e+02 8.837725830078125000e+02
7.369924926757812500e+02 8.798687133789062500e+02
8.746471557617187500e+02 8.643396606445312500e+02
9.951765136718750000e+02 8.411118164062500000e+02
1.094394042968750000e+03 8.143248901367187500e+02
7.344597778320312500e+02 3.324363098144531250e+02
7.567035522460937500e+02 3.343773193359375000e+02
7.771654663085937500e+02 3.363106384277343750e+02
7.955516967773437500e+02 3.382219848632812500e+02
8.124984130859375000e+02 3.397603149414062500e+02
8.283587646484375000e+02 3.414944763183593750e+02
8.427102050781250000e+02 3.432046813964843750e+02
8.563990478515625000e+02 3.445702209472656250e+02
7.367424926757812500e+02 3.683479919433593750e+02
7.591631469726562500e+02 3.686098327636718750e+02
7.793220214843750000e+02 3.693058471679687500e+02
7.974875488281250000e+02 3.695842590332031250e+02
8.143788452148437500e+02 3.702798156738281250e+02
8.298214721679687500e+02 3.705845031738281250e+02
8.444438476562500000e+02 3.712756958007812500e+02
8.577637939453125000e+02 3.716038818359375000e+02
7.389682617187500000e+02 4.043618469238281250e+02
7.611429443359375000e+02 4.031528015136718750e+02
7.810958251953125000e+02 4.021892089843750000e+02
7.990935058593750000e+02 4.013537902832031250e+02
8.155508422851562500e+02 4.004344177246093750e+02
8.313701171875000000e+02 3.996962585449218750e+02
8.456663208007812500e+02 3.992529602050781250e+02
8.592769165039062500e+02 3.986337280273437500e+02
7.409768676757812500e+02 4.402331848144531250e+02
7.628521118164062500e+02 4.374237976074218750e+02
7.826323242187500000e+02 4.349317321777343750e+02
8.005469360351562500e+02 4.325584716796875000e+02
8.171746215820312500e+02 4.305592041015625000e+02
8.325449218750000000e+02 4.287369079589843750e+02
8.469729614257812500e+02 4.272641906738281250e+02
8.603469238281250000e+02 4.256172790527343750e+02
7.426588134765625000e+02 4.757057495117187500e+02
7.644778442382812500e+02 4.715122070312500000e+02
7.840711059570312500e+02 4.675373229980468750e+02
8.017453613281250000e+02 4.640063476562500000e+02
8.184107666015625000e+02 4.606952514648437500e+02
8.336694946289062500e+02 4.575873718261718750e+02
8.477747192382812500e+02 4.550086364746093750e+02
8.606928100585937500e+02 4.525374145507812500e+02
7.442235717773437500e+02 5.108083801269531250e+02
7.656173706054687500e+02 5.050650329589843750e+02
7.850582885742187500e+02 4.996968383789062500e+02
8.027186279296875000e+02 4.949334106445312500e+02
8.193424682617187500e+02 4.904281616210937500e+02
8.344508666992187500e+02 4.862784423828125000e+02
8.485191650390625000e+02 4.825576477050781250e+02
8.614539184570312500e+02 4.790205688476562500e+02
3.086167602539062500e+02 4.546130981445312500e+02
3.185091552734375000e+02 4.539378051757812500e+02
3.290808105468750000e+02 4.533963623046875000e+02
3.404426574707031250e+02 4.524492492675781250e+02
3.524519348144531250e+02 4.514894104003906250e+02
3.650144042968750000e+02 4.505141906738281250e+02
3.785244140625000000e+02 4.494408264160156250e+02
3.929796447753906250e+02 4.484768676757812500e+02
3.075146484375000000e+02 4.765979309082031250e+02
3.172535400390625000e+02 4.765208435058593750e+02
3.275442810058593750e+02 4.764915466308593750e+02
3.393330078125000000e+02 4.764603576660156250e+02
3.513054504394531250e+02 4.763460693359375000e+02
3.635856323242187500e+02 4.757698669433593750e+02
3.774633789062500000e+02 4.755509948730468750e+02
3.915553283691406250e+02 4.755119934082031250e+02
3.064951477050781250e+02 4.986802368164062500e+02
3.163322143554687500e+02 4.994255065917968750e+02
3.266469421386718750e+02 4.995604858398437500e+02
3.384158325195312500e+02 5.004568786621093750e+02
3.505042724609375000e+02 5.011655883789062500e+02
3.626295166015625000e+02 5.015541687011718750e+02
3.764070434570312500e+02 5.023970031738281250e+02
3.905107727050781250e+02 5.029596252441406250e+02
3.055435485839843750e+02 5.208117675781250000e+02
3.154964904785156250e+02 5.220712280273437500e+02
3.262675476074218750e+02 5.234420776367187500e+02
3.375002746582031250e+02 5.245162353515625000e+02
3.494953918457031250e+02 5.255921630859375000e+02
3.622126159667968750e+02 5.275394287109375000e+02
3.754859008789062500e+02 5.285424194335937500e+02
3.898262939453125000e+02 5.304714355468750000e+02
3.055282287597656250e+02 5.430508422851562500e+02
3.154245605468750000e+02 5.445758666992187500e+02
3.255553588867187500e+02 5.465040893554687500e+02
3.369423522949218750e+02 5.485520019531250000e+02
3.487527465820312500e+02 5.503975830078125000e+02
3.615090026855468750e+02 5.528352661132812500e+02
3.749983215332031250e+02 5.554550781250000000e+02
3.894813842773437500e+02 5.575460815429687500e+02
3.055317382812500000e+02 5.649542236328125000e+02
3.154121704101562500e+02 5.674990844726562500e+02
3.256366271972656250e+02 5.699594726562500000e+02
3.368233947753906250e+02 5.724301147460937500e+02
3.485989379882812500e+02 5.752300415039062500e+02
3.614798278808593750e+02 5.784797363281250000e+02
3.747259826660156250e+02 5.814191284179687500e+02
3.893740539550781250e+02 5.845432128906250000e+02
5.877968750000000000e+02 4.715269775390625000e+02
6.115134277343750000e+02 4.613079223632812500e+02
6.325892333984375000e+02 4.521653747558593750e+02
6.514716186523437500e+02 4.437803039550781250e+02
6.690245361328125000e+02 4.361981811523437500e+02
6.849547119140625000e+02 4.295537719726562500e+02
6.995987548828125000e+02 4.231679077148437500e+02
7.130985717773437500e+02 4.175756530761718750e+02
5.957911987304687500e+02 5.100984802246093750e+02
6.187532958984375000e+02 4.979381103515625000e+02
6.393435668945312500e+02 4.868558349609375000e+02
6.575367431640625000e+02 4.772309570312500000e+02
6.744765625000000000e+02 4.681189575195312500e+02
6.899960327148437500e+02 4.599759521484375000e+02
7.044182739257812500e+02 4.524913024902343750e+02
7.174410400390625000e+02 4.457471313476562500e+02
6.039207763671875000e+02 5.469900512695312500e+02
6.257573852539062500e+02 5.332239379882812500e+02
6.454033813476562500e+02 5.208373413085937500e+02
6.634322509765625000e+02 5.094697875976562500e+02
6.795801391601562500e+02 4.990954895019531250e+02
6.946080322265625000e+02 4.897388000488281250e+02
7.086465454101562500e+02 4.811715698242187500e+02
7.215763549804687500e+02 4.731901550292968750e+02
6.114780273437500000e+02 5.824675903320312500e+02
6.327351684570312500e+02 5.672378540039062500e+02
6.516706542968750000e+02 5.534462280273437500e+02
6.692107543945312500e+02 5.407442626953125000e+02
6.845882568359375000e+02 5.293419189453125000e+02
6.993710327148437500e+02 5.189291992187500000e+02
7.133606567382812500e+02 5.087344665527343750e+02
7.254891357421875000e+02 5.002059020996093750e+02
6.190104370117187500e+02 6.161937866210937500e+02
6.395533447265625000e+02 5.997627563476562500e+02
6.577384643554687500e+02 5.848101806640625000e+02
6.745540771484375000e+02 5.711681518554687500e+02
6.899620971679687500e+02 5.584611816406250000e+02
7.042883911132812500e+02 5.467803344726562500e+02
7.175526123046875000e+02 5.359754028320312500e+02
7.295187988281250000e+02 5.263412475585937500e+02
6.259861450195312500e+02 6.482450561523437500e+02
6.456220703125000000e+02 6.309072875976562500e+02
6.634420166015625000e+02 6.149985961914062500e+02
6.795286254882812500e+02 6.002180786132812500e+02
6.945709838867187500e+02 5.865297241210937500e+02
7.084805908203125000e+02 5.740072631835937500e+02
7.215170898437500000e+02 5.624329833984375000e+02
7.334300537109375000e+02 5.516154174804687500e+02
5.605269165039062500e+02 5.179763183593750000e+02
5.995169067382812500e+02 5.121571044921875000e+02
6.349912109375000000e+02 5.065474243164062500e+02
6.674714355468750000e+02 5.014806213378906250e+02
6.972489624023437500e+02 4.966775817871093750e+02
7.244429931640625000e+02 4.924756774902343750e+02
7.493828735351562500e+02 4.887319335937500000e+02
7.723244628906250000e+02 4.852659606933593750e+02
5.636137084960937500e+02 5.633406982421875000e+02
6.020879516601562500e+02 5.554865722656250000e+02
6.366550292968750000e+02 5.483470458984375000e+02
6.685830688476562500e+02 5.414089355468750000e+02
6.977073364257812500e+02 5.351245727539062500e+02
7.247481079101562500e+02 5.292494506835937500e+02
7.496139526367187500e+02 5.237601318359375000e+02
7.724310913085937500e+02 5.189726562500000000e+02
5.672252197265625000e+02 6.066772460937500000e+02
6.044886474609375000e+02 5.973845214843750000e+02
6.385858764648437500e+02 5.882882080078125000e+02
6.697404174804687500e+02 5.798515014648437500e+02
6.985782470703125000e+02 5.719813842773437500e+02
7.254625854492187500e+02 5.647581176757812500e+02
7.498439331054687500e+02 5.580192260742187500e+02
7.724819946289062500e+02 5.517943725585937500e+02
5.704943847656250000e+02 6.484254150390625000e+02
6.070748901367187500e+02 6.375381469726562500e+02
6.405449829101562500e+02 6.271339721679687500e+02
6.714053344726562500e+02 6.170888671875000000e+02
6.994892578125000000e+02 6.079947509765625000e+02
7.256681518554687500e+02 5.995056152343750000e+02
7.501227416992187500e+02 5.914182128906250000e+02
7.724715576171875000e+02 5.839940185546875000e+02
5.741525878906250000e+02 6.879798583984375000e+02
6.095107421875000000e+02 6.757582397460937500e+02
6.425491333007812500e+02 6.639819946289062500e+02
6.725209350585937500e+02 6.529959716796875000e+02
7.004061279296875000e+02 6.428390502929687500e+02
7.263666381835937500e+02 6.328868408203125000e+02
7.501877441406250000e+02 6.239744262695312500e+02
7.717812500000000000e+02 6.153780517578125000e+02
5.775297241210937500e+02 7.249085083007812500e+02
6.123765258789062500e+02 7.118675537109375000e+02
6.442515869140625000e+02 6.991958618164062500e+02
6.735595092773437500e+02 6.870241088867187500e+02
7.008092041015625000e+02 6.756890869140625000e+02
7.264005126953125000e+02 6.650088500976562500e+02
7.496459350585937500e+02 6.549630126953125000e+02
7.715288085937500000e+02 6.453482666015625000e+02
4.127610473632812500e+02 4.885113220214843750e+02
4.339564514160156250e+02 4.894540405273437500e+02
4.566134948730468750e+02 4.900970153808593750e+02
4.814818725585937500e+02 4.905412292480468750e+02
5.082961120605468750e+02 4.915263977050781250e+02
5.366130981445312500e+02 4.924120178222656250e+02
5.675351562500000000e+02 4.934291992187500000e+02
6.007990112304687500e+02 4.944639587402343750e+02
4.162994995117187500e+02 5.196058349609375000e+02
4.372118835449218750e+02 5.214948120117187500e+02
4.598201293945312500e+02 5.234793090820312500e+02
4.845411682128906250e+02 5.252225952148437500e+02
5.114522094726562500e+02 5.273194580078125000e+02
5.395999145507812500e+02 5.294092407226562500e+02
5.704230346679687500e+02 5.315457153320312500e+02
6.034357910156250000e+02 5.337884521484375000e+02
4.196726379394531250e+02 5.503294067382812500e+02
4.405296630859375000e+02 5.527209472656250000e+02
4.635063781738281250e+02 5.555213623046875000e+02
4.883986511230468750e+02 5.585468139648437500e+02
5.144909057617187500e+02 5.615208129882812500e+02
5.428510131835937500e+02 5.654290161132812500e+02
5.733792114257812500e+02 5.685449829101562500e+02
6.056130981445312500e+02 5.723860473632812500e+02
4.235224914550781250e+02 5.797380371093750000e+02
4.444910888671875000e+02 5.834483642578125000e+02
4.674211120605468750e+02 5.874437866210937500e+02
4.917025756835937500e+02 5.914694824218750000e+02
5.181614379882812500e+02 5.955135498046875000e+02
5.461843872070312500e+02 5.997209472656250000e+02
5.760305175781250000e+02 6.044882812500000000e+02
6.084418334960937500e+02 6.094893798828125000e+02
4.278236083984375000e+02 6.087207031250000000e+02
4.484869995117187500e+02 6.134263916015625000e+02
4.715390319824218750e+02 6.184000854492187500e+02
4.954854125976562500e+02 6.229599609375000000e+02
5.215337524414062500e+02 6.283060302734375000e+02
5.494461669921875000e+02 6.334873046875000000e+02
5.788409423828125000e+02 6.391067504882812500e+02
6.106621704101562500e+02 6.448185424804687500e+02
4.324729309082031250e+02 6.369187622070312500e+02
4.531711425781250000e+02 6.422516479492187500e+02
4.755596008300781250e+02 6.477409057617187500e+02
4.995113830566406250e+02 6.534945678710937500e+02
5.252733154296875000e+02 6.592918701171875000e+02
5.524600830078125000e+02 6.654615478515625000e+02
5.817583007812500000e+02 6.719623413085937500e+02
6.132371215820312500e+02 6.785720825195312500e+02
